image: oi_map_v1_10cm_floor.png
resolution: 0.05
origin: [-26.925000762939455, -23.425000762939455, 0.0000]
negate: 0
occupied_thresh: 0.65
free_thresh: 0.196
